1,1:55.8,9.9,牝3,54,7,468(+6)
2,1:56.0,1.7,牝3,54,8,458(-2)
3,1:56.6,4.9,牝3,54,1,480(-10)
4,1:57.3,71.9,牝3,54,4,458(0)
5,1:57.5,143.7,牝3,54,2,490(-10)
1,1:13.3,2.4,牡3,56,4,492(-8)
2,1:13.3,26.0,牝3,50,1,456(0)
3,1:13.5,8.4,牡3,56,2,488(+12)
4,1:13.9,238.3,牝3,54,4,426(0)
5,1:14.0,6.5,牝3,54,6,436(+6)
1,1:55.9,4.9,牡3,56,7,546(-4)
2,1:56.6,26.1,牡3,56,1,520(-2)
3,1:56.9,4.5,牡3,56,5,488(-2)
4,1:57.4,2.6,,牡3,8,474(+6)
5,1:57.7,57.5,,牡3,6,500(-2)
1,1:14.6,6.1,牝3,54,8,452(0)
2,1:14.9,3.6,牡3,56,4,486(0)
3,1:15.0,62.5,牝3,54,2,502(0)
4,1:15.0,25.0,牡3,56,3,462(0)
5,1:15.1,4.7,牝3,52,6,482(0)
1,1:34.2,63.2,牝3,54,5,394(-2)
2,1:34.6,4.4,牡3,56,3,522(+10)
3,1:34.6,2.9,牝3,50,7,470(-4)
4,1:34.6,9.8,牝3,54,5,456(-2)
5,1:35.0,19.4,牡3,56,6,508(+10)
1,1:24.7,10.4,牡3,56,8,476(+2)
2,1:24.9,10.5,牝3,54,6,450(-10)
3,1:24.9,3.1,,牡3,7,486(-2)
4,1:25.2,5.2,,牡3,4,494(-2)
5,1:25.8,77.6,,牡3,2,464(-10)
1,1:53.9,3.3,牡4,55,3,546(+16)
2,1:53.9,3.6,牡5,58,8,524(-4)
3,1:54.3,4.7,牝4,55,6,442(-6)
4,1:54.6,2.5,牡4,57,5,526(+8)
5,1:55.8,131.3,セ5,58,1,502(-2)
1,1:13.0,13.3,牝4,56,8,450(+4)
2,1:13.1,8.7,牝5,56,3,430(-4)
3,1:13.1,10.3,牝5,54,1,494(0)
4,1:13.1,1.9,,牝4,3,466(+4)
5,1:13.9,11.0,,牝4,8,434(0)
1,1:45.9,16.1,牡4,57,2,512(+16)
2,1:46.0,2.4,牡4,57,7,480(+6)
3,1:46.2,6.5,セ4,57,3,486(+4)
4,1:46.3,10.3,牡5,58,6,450(-8)
5,1:46.4,2.4,牝4,55,1,510(0)
1,2:00.5,4.4,牡4,57,4,502(-4)
2,2:00.5,3.8,牡4,57,2,476(+6)
3,2:00.7,34.3,セ5,58,6,492(+2)
4,2:00.7,44.2,セ5,58,7,476(0)
5,2:00.8,2.3,牡5,58,3,482(0)
1,1:33.1,2.9,牡4,56,2,530(+4)
2,1:33.3,35.2,牡6,56,6,532(-8)
3,1:33.4,19.2,牡7,57,3,510(+4)
4,1:33.4,8.9,牝5,53,7,500(+2)
5,1:33.4,4.5,牡4,57.5,6,478(+8)
1,2:08.7,4.4,牡4,57,1,486(+4)
2,2:08.8,1.9,牡4,57,7,496(-4)
3,2:09.2,22.1,牡6,54,5,498(-10)
4,2:09.5,5.4,牡5,58,4,482(-6)
5,2:09.7,58.8,セ6,56,8,472(-12)
1,1:13.7,2.4,牝3,54,3,468(-4)
2,1:13.9,11.4,牝3,52,4,448(-4)
3,1:14.0,18.4,牝3,54,1,460(0)
4,1:14.0,7.9,牝3,54,6,502(+2)
5,1:14.1,2.5,牝3,54,4,438(+2)
1,1:55.2,15.4,牡3,52,7,486(+4)
2,1:55.8,31.0,牡3,56,1,562(+10)
3,1:55.9,17.0,牡3,56,6,518(+4)
4,1:56.1,243.5,牡3,55,5,482(+2)
5,1:56.2,5.2,牡3,56,3,492(-6)
1,1:26.2,8.7,牡3,56,2,516(+2)
2,1:27.3,11.3,セ3,56,3,508(-4)
3,1:27.7,9.3,牡3,56,1,492(-2)
4,1:28.3,233.2,牡3,56,4,446(+2)
5,1:28.3,64.8,牡3,56,2,472(+16)
1,1:55.2,2.3,牡3,56,7,540(0)
2,1:56.5,11.2,,牡3,8,498(0)
3,1:56.7,3.0,,牡3,1,514(0)
4,1:56.8,24.3,,牡3,4,468(0)
5,1:56.9,10.9,,牡3,7,498(0)
1,1:47.8,4.4,牝3,54,4,420(+2)
2,1:47.8,3.4,牝3,54,5,472(0)
3,1:48.1,3.8,,牝3,1,476(-4)
4,1:48.3,56.9,,牝3,2,464(+10)
5,1:48.7,41.9,,,3,422(+6)
1,2:02.9,5.3,牝3,54,6,448(-14)
2,2:03.0,4.3,牡3,56,8,456(-2)
3,2:03.5,1.5,,牡3,6,466(0)
4,2:03.7,124.3,,牝3,8,440(-4)
5,2:03.8,382.9,,,2,370(-4)
1,1:25.6,4.4,牝5,56,4,424(-4)
2,1:25.7,5.5,,牡5,5,480(+2)
3,1:25.8,6.3,,牡4,6,534(-6)
4,1:25.8,14.1,,牝4,7,528(+6)
5,1:25.9,19.8,,,3,446(0)
1,1:34.7,2.4,牝3,54,4,456(0)
2,1:34.8,10.3,牡3,56,3,456(+6)
3,1:34.9,2.8,,牡3,6,450(+4)
4,1:35.1,5.2,,牡3,2,506(0)
5,1:35.1,5.9,,牡3,1,466(+6)
1,1:34.0,1.7,牡4,58,1,500(+2)
2,1:34.2,7.5,牝5,56,8,484(-6)
3,1:34.3,9.2,牡5,58,5,508(+8)
4,1:34.4,103.4,牝5,56,7,450(0)
5,1:34.5,19.0,牡4,58,1,458(+8)
1,1:52.8,2.4,牝4,54,5,482(+2)
2,1:53.1,9.9,牡5,56,8,494(-6)
3,1:53.1,9.0,牝4,53,7,474(-2)
4,1:53.4,7.0,,牡4,4,500(-4)
5,1:53.4,14.4,,,2,484(-6)
1,2:10.9,2.5,牡4,58,8,508(0)
2,2:11.5,15.2,牡4,56,1,476(-2)
3,2:11.5,8.8,牡4,57,6,466(+2)
4,2:11.8,31.7,牡6,57,4,512(+8)
5,2:11.8,6.8,牡4,56,6,474(+4)
1,1:12.3,23.6,牡4,58,6,422(-6)
2,1:12.3,7.4,牝4,56,6,502(+10)
3,1:12.5,31.3,牡6,58,5,534(-4)
4,1:12.5,3.1,牡4,58,2,486(-4)
5,1:12.6,4.7,牡6,58,1,488(-4)
1,1:56.9,26.5,牝3,54,5,460(0)
2,1:57.0,2.0,牝3,54,3,474(-2)
3,1:57.2,2.8,,牝3,7,478(0)
4,1:57.6,20.6,,,6,472(+4)
5,1:57.9,9.7,,,7,478(+8)
1,1:11.9,3.9,牡3,56,7,506(-10)
2,1:12.7,1.5,牡3,56,4,476(-4)
3,1:14.3,22.7,牡3,56,8,474(0)
4,1:14.8,38.0,牝3,50,6,432(-10)
5,1:14.8,80.5,牡3,56,6,492(-12)
1,1:53.6,5.3,牡3,56,1,498(-10)
2,1:54.3,13.3,牡3,56,5,472(0)
3,1:54.6,4.1,牡3,54,2,482(-2)
4,1:54.6,4.1,牡3,56,8,460(0)
5,1:55.2,3.7,牡3,56,8,508(+4)
1,1:25.9,13.2,牡3,56,3,502(+8)
2,1:26.3,22.1,,牡3,4,466(0)
3,1:26.6,16.6,,牡3,2,462(-10)
4,1:26.7,9.2,,牡3,3,470(0)
5,1:26.7,254.3,,,1,488(-6)
1,1:57.5,18.3,牡3,56,1,496(0)
2,1:57.7,6.4,牝3,54,4,496(0)
3,1:58.3,10.0,,牡3,5,572(0)
4,1:58.3,14.0,,,6,512(0)
5,1:58.3,14.8,,,3,488(0)
1,2:28.4,1.5,牡3,56,8,458(0)
2,2:28.4,18.0,牡3,56,7,486(+6)
3,2:28.5,12.6,,牡3,8,498(-8)
4,2:28.5,6.4,,牝3,2,456(-2)
5,2:28.7,7.3,,牝3,5,458(-4)
1,2:00.1,10.9,セ5,58,7,498(-2)
2,2:00.1,10.1,牡5,58,4,510(+10)
3,2:00.3,6.6,,牡6,2,486(-2)
4,2:00.5,2.1,,牡4,1,512(0)
5,2:00.6,5.8,,牡4,8,496(0)
1,1:54.2,15.7,牡3,56,1,526(-6)
2,1:54.4,12.4,牡3,56,7,478(-2)
3,1:54.6,127.8,牡3,56,6,518(+6)
4,1:54.7,9.0,牝3,52,7,480(-4)
5,1:54.7,3.8,牡3,56,4,482(-2)
1,1:47.0,1.5,牡3,56,8,480(0)
2,1:47.3,90.1,牡3,56,3,496(-10)
3,1:47.4,5.5,牡3,56,6,460(0)
4,1:47.4,105.3,牡3,56,6,466(-2)
5,1:47.4,27.3,,牡3,7,518(-4)
1,1:24.0,64.4,牝6,54,8,476(-8)
2,1:24.2,4.8,牡4,55,7,470(-2)
3,1:24.4,1.8,牝4,55,4,484(+12)
4,1:24.6,18.2,セ6,56,5,486(+6)
5,1:24.7,165.5,牡8,55,3,464(+8)
1,1:20.4,5.1,牝5,55,3,450(0)
2,1:20.4,4.1,牝5,55,7,514(+4)
3,1:20.6,6.0,牝6,56,8,478(-2)
4,1:20.6,92.9,牝6,55,2,448(-6)
5,1:20.7,93.4,牝6,57,2,470(+8)
1,1:24.7,6.8,牡5,58,6,494(-6)
2,1:25.1,6.1,牡4,58,4,476(-10)
3,1:25.6,3.3,,牡4,7,512(-6)
4,1:25.7,31.3,,牡5,2,504(-8)
5,1:25.7,59.8,,セ7,8,484(0)
1,1:55.6,1.6,牡3,56,7,492(+12)
2,1:56.2,36.9,牡3,56,8,492(+4)
3,1:56.3,5.5,牡3,56,6,480(0)
4,1:57.2,169.5,,セ3,6,440(-6)
5,1:57.7,148.1,,牡3,8,466(+2)
1,1:25.7,3.9,牝3,54,8,462(+2)
2,1:25.8,11.4,牝3,54,3,422(-2)
3,1:26.4,12.6,牝3,54,5,444(+4)
4,1:27.2,16.8,牝3,54,8,470(-2)
5,1:27.3,4.6,牝3,54,4,492(+4)
1,2:09.5,3.5,牡3,56,6,520(0)
2,2:09.5,25.4,牡3,54,4,496(+14)
3,2:09.9,15.0,牡3,56,8,432(+8)
4,2:09.9,143.8,牡3,56,7,482(-8)
5,2:10.4,5.4,,牡3,6,512(-8)
1,1:26.5,2.9,牝3,50,8,496(0)
2,1:26.8,11.8,牡3,54,2,522(0)
3,1:27.1,5.8,,牡3,8,518(0)
4,1:28.1,23.4,,牝3,6,432(0)
5,1:28.4,27.0,,,5,470(0)
1,1:48.9,1.9,牡3,56,8,496(-8)
2,1:49.4,7.6,牡3,56,4,496(-4)
3,1:49.6,60.3,牡3,56,4,470(-6)
4,1:49.7,148.2,牝3,54,3,446(0)
5,1:49.8,63.1,,牝3,2,430(-2)
1,1:23.0,3.0,牡3,56,7,438(+12)
2,1:23.1,5.0,牝3,54,6,468(-8)
3,1:23.2,6.1,牡3,56,8,458(+16)
4,1:23.2,23.6,,牡3,1,436(+10)
5,1:23.3,4.7,,牡3,8,510(+8)
1,1:54.0,4.1,牡4,57,5,504(0)
2,1:54.3,3.4,牡4,57,7,482(-2)
3,1:55.0,2.5,牡4,57,8,474(-4)
4,1:55.4,16.6,牡4,57,3,516(0)
5,1:55.5,24.1,セ6,58,8,498(-4)
1,1:12.2,5.2,牡4,58,8,462(-4)
2,1:12.6,50.5,,牡6,5,476(-3)
3,1:13.1,3.6,,牡4,3,496(+4)
4,1:13.1,35.7,,牡4,1,488(-2)
5,1:13.2,7.6,,牡4,8,488(-2)
1,1:52.8,5.7,牡4,57,4,486(+10)
2,1:52.8,4.7,牡4,57,6,492(-4)
3,1:52.9,17.4,牡5,58,7,480(+2)
4,1:53.0,5.1,牡5,58,8,512(+2)
5,1:53.5,5.3,牡4,57,8,538(+6)
1,1:34.0,6.3,牡4,58,4,438(0)
2,1:34.2,29.4,牝5,56,1,472(-10)
3,1:34.5,6.5,牡5,58,3,546(-2)
4,1:34.5,78.7,牡7,58,3,502(+10)
5,1:34.6,8.7,牡4,58,2,564(-2)
1,1:11.2,3.3,牡6,59,1,516(0)
2,1:11.5,11.5,牡6,58,8,522(-2)
3,1:11.5,7.0,牡6,57,7,494(0)
4,1:11.7,2.8,牝4,55,7,472(0)
5,1:11.8,49.2,牡6,57,2,508(-6)
1,1:34.6,3.3,牡4,58,8,464(-2)
2,1:34.6,8.3,牡4,58,7,500(-8)
3,1:34.8,62.9,牡4,58,4,468(-2)
4,1:34.9,33.9,牝4,54,1,448(+2)
5,1:34.9,8.7,牡4,58,3,472(-2)
1,1:55.0,1.9,牝3,54,6,478(-2)
2,1:55.9,8.6,牝3,54,4,468(0)
3,1:56.3,12.3,牝3,54,2,444(-18)
4,1:56.9,4.6,牝3,54,8,448(0)
5,1:57.2,21.5,牝3,54,5,442(-2)
1,1:12.9,4.3,牡3,56,3,486(-6)
2,1:13.3,5.6,牡3,56,6,444(0)
3,1:13.5,42.6,牝3,54,4,504(+2)
4,1:13.6,18.5,牡3,56,2,454(+4)
5,1:13.7,11.1,牡3,56,6,492(0)
1,1:24.6,3.4,牝3,52,6,484(-4)
2,1:25.0,3.8,牡3,56,3,504(-4)
3,1:25.2,73.8,牝3,54,5,470(-6)
4,1:26.1,11.9,,牡3,2,506(+26)
5,1:26.1,62.0,,牝3,4,480(-6)
1,2:03.0,2.5,牡3,56,8,504(-4)
2,2:03.2,4.8,牡3,56,6,466(+10)
3,2:03.2,5.0,牡3,56,1,524(0)
4,2:03.4,27.0,,牝3,2,444(+22)
5,2:03.6,6.7,,牝3,3,412(0)
1,1:11.5,6.7,牡3,56,1,474(+4)
2,1:11.7,16.0,,牡3,3,480(+2)
3,1:11.9,13.8,,牝3,2,422(-2)
4,1:12.1,2.3,,牝3,8,482(0)
5,1:12.3,32.3,,牝3,1,466(-2)
1,1:53.6,2.4,牝4,55,7,440(-2)
2,1:53.6,8.1,牝4,55,6,498(-12)
3,1:53.6,4.0,牝4,55,8,460(-2)
4,1:53.7,36.5,牝5,56,5,464(-6)
5,1:53.7,12.9,牝4,55,7,514(0)
1,2:26.9,3.7,牡5,58,1,490(+10)
2,2:26.9,5.4,牝4,55,4,438(-2)
3,2:27.0,3.2,牡4,57,7,486(-4)
4,2:27.3,7.1,,牡7,2,464(-2)
5,2:27.8,31.9,,牡6,3,472(-10)
1,1:25.0,5.0,牡4,58,7,478(0)
2,1:25.1,3.6,,牡5,6,484(+4)
3,1:25.1,4.8,,牡4,6,542(+8)
4,1:25.4,18.7,,牝4,2,454(+8)
5,1:25.6,17.6,,,8,508(+6)
1,2:15.5,1.8,牡3,56,3,496(+6)
2,2:15.6,2.8,,牡3,1,502(0)
3,2:15.9,4.5,,牡3,2,516(+6)
4,2:16.0,62.4,,牡3,5,466(-6)
5,2:16.1,19.8,,牡3,4,476(-8)
1,1:51.1,4.7,牡4,57,2,512(+6)
2,1:51.1,2.1,牡4,57,4,522(-4)
3,1:51.8,35.6,牡5,58,1,508(-8)
4,1:51.8,14.4,牡4,57,6,502(+2)
5,1:51.8,44.3,牡5,58,7,486(+2)
1,2:04.5,5.2,牡5,57,1,520(+2)
2,2:04.6,3.2,牡4,55,3,500(+2)
3,2:04.7,33.1,牡5,56,7,540(+6)
4,2:04.7,49.7,セ6,57,6,494(-2)
5,2:04.8,7.4,牡5,55,5,492(0)
1,1:20.7,2.4,牡4,58,2,490(+14)
2,1:20.7,11.1,牡5,58,3,462(-2)
3,1:21.1,9.7,牡4,58,2,454(-12)
4,1:21.2,16.8,,牝5,1,462(-4)
5,1:21.3,5.8,,牡5,4,494(+10)
1,1:12.8,2.0,牝3,51,3,524(+8)
2,1:13.2,4.7,牝3,54,1,498(-4)
3,1:13.6,3.5,牝3,54,7,478(+6)
4,1:13.7,12.6,牝3,54,8,430(+4)
5,1:14.0,29.6,牝3,54,8,474(-4)
1,1:54.8,3.3,牡3,56,5,556(-6)
2,1:54.8,3.3,牡3,56,8,508(0)
3,1:55.3,10.6,,牡3,5,484(-4)
4,1:55.7,6.5,,牡3,7,462(+4)
5,1:56.0,7.8,,牡3,3,544(-10)
1,1:26.2,6.5,牡3,56,8,462(-24)
2,1:26.3,7.9,牡3,54,4,518(+22)
3,1:26.9,4.5,牡3,56,3,452(-6)
4,1:27.2,47.7,牡3,53,6,536(+1)
5,1:27.3,13.0,,セ3,3,514(+6)
1,1:55.3,5.7,牡3,56,4,458(-4)
2,1:55.7,4.8,牡3,56,7,492(-4)
3,1:55.8,4.1,牡3,56,5,466(+4)
4,1:55.8,3.6,牡3,56,8,570(+8)
5,1:56.5,52.1,牝3,54,3,498(+4)
1,1:37.3,17.8,牝3,54,8,438(-4)
2,1:37.4,2.0,セ3,56,4,448(+4)
3,1:37.5,2.2,牝3,54,1,466(-4)
4,1:37.5,8.6,,牝3,8,468(0)
5,1:37.6,181.5,,牡3,3,440(-6)
1,1:53.3,7.2,牡4,57,7,512(0)
2,1:54.9,2.8,牡5,58,5,510(-6)
3,1:55.0,11.7,,牡4,4,526(+2)
4,1:55.1,28.7,,牡4,8,478(-2)
5,1:55.2,18.6,,牡4,2,448(+10)
1,1:13.1,9.1,牝4,56,7,416(0)
2,1:13.3,136.5,牡4,56,8,420(0)
3,1:13.4,10.8,牝4,56,4,436(-2)
4,1:13.5,40.7,牡6,58,2,504(-4)
5,1:13.6,108.0,牝5,56,6,468(-2)
1,1:54.2,12.3,牝4,55,1,472(+4)
2,1:54.3,6.9,牝5,56,4,492(-6)
3,1:54.4,17.7,牝4,55,6,468(-4)
4,1:54.5,53.2,,牝6,7,438(0)
5,1:54.5,1.9,,牝4,7,476(+6)
1,3:06.7,64.8,牡8,55,8,426(-2)
2,3:06.7,2.8,,牡4,6,442(+8)
3,3:06.8,19.5,,,5,512(+12)
4,3:06.9,17.1,,,4,464(0)
5,3:07.0,127.3,,,7,512(-6)
1,1:08.6,1.3,牡3,57,4,502(0)
2,1:09.0,24.7,牡3,56,3,438(-6)
3,1:09.4,26.4,牝3,54,8,478(-12)
4,1:09.5,7.1,牡3,56,7,500(0)
5,1:09.8,42.0,牡3,56,8,492(+2)
1,1:19.5,3.8,牡4,57,6,496(+2)
2,1:19.5,12.0,牡5,57,3,514(-12)
3,1:19.9,24.4,牡5,57,8,514(-4)
4,1:20.1,52.1,牡5,57,7,504(+10)
5,1:20.1,32.6,牡5,57,4,546(0)
1,1:11.6,10.9,牝4,56,6,512(-4)
2,1:11.7,5.3,牡4,58,4,442(+2)
3,1:12.3,14.1,牝4,53,7,418(+2)
4,1:12.3,1.7,牡4,58,8,524(+2)
5,1:12.7,31.8,牡5,58,5,448(-2)
1,1:26.3,1.5,牝3,54,1,420(-2)
2,1:26.8,17.6,,牝3,5,448(0)
3,1:26.8,10.8,,牝3,6,434(-4)
4,1:26.9,4.0,,牝3,8,470(-10)
5,1:27.0,11.8,,,5,494(-8)
1,2:08.1,2.6,牡3,56,7,490(-8)
2,2:08.3,16.3,,牡3,8,486(-6)
3,2:08.5,7.0,,牡3,8,508(-14)
4,2:09.3,5.1,,牡3,3,462(-6)
5,2:09.9,3.6,,牡3,5,506(+2)
1,1:26.7,3.7,牡3,56,3,492(-4)
2,1:26.8,4.9,牡3,56,4,454(+2)
3,1:27.1,11.0,牡3,56,4,458(0)
4,1:27.2,4.3,,牡3,6,494(-10)
5,1:27.9,31.3,,牡3,2,468(-2)
1,1:54.6,3.5,牡3,56,6,478(-6)
2,1:55.5,4.7,牡3,56,5,526(+2)
3,1:56.0,2.1,,牡3,8,490(+4)
4,1:56.1,12.7,,牡3,7,514(-6)
5,1:56.6,8.5,,牡3,6,452(0)
1,1:35.0,1.6,牡3,56,7,480(+4)
2,1:35.1,12.3,牝3,54,5,452(+6)
3,1:35.2,23.3,牡3,56,8,500(0)
4,1:35.2,8.9,牡3,56,6,468(0)
5,1:35.2,18.1,牝3,54,8,476(-14)
1,1:54.5,3.1,牡3,53,2,520(-6)
2,1:54.7,4.9,,牡3,6,466(-12)
3,1:54.7,3.3,,牝3,5,502(+4)
4,1:55.1,35.5,,牡3,3,498(+2)
5,1:55.1,4.9,,牡3,8,456(+2)
1,1:53.3,2.6,牡4,58,8,474(-2)
2,1:53.9,1.8,牡5,58,1,526(+2)
3,1:54.3,5.6,牡4,58,2,490(+2)
4,1:54.5,114.4,牡4,58,5,448(-6)
5,1:54.8,26.9,牡4,55,3,520(+4)
1,1:13.3,6.6,牡4,58,6,506(-4)
2,1:13.4,4.9,,牝5,2,484(+6)
3,1:13.5,7.7,,牝4,3,408(-2)
4,1:13.7,93.4,,セ5,7,478(0)
5,1:13.9,6.4,,,4,510(+16)
1,1:59.3,2.1,牡4,58,4,458(+4)
2,1:59.7,4.0,牝4,56,3,454(0)
3,1:59.7,18.6,,牡5,7,518(+8)
4,1:59.8,142.9,,牝8,5,444(+2)
5,1:59.8,8.2,,牡5,8,526(-2)
1,1:12.3,10.8,牡7,58,6,518(-4)
2,1:12.5,2.1,牡6,58,4,474(-4)
3,1:12.7,5.5,牡4,58,5,466(0)
4,1:12.9,22.2,セ6,58,6,478(-8)
5,1:12.9,9.9,牡4,58,7,420(-2)
1,1:34.0,16.2,牝3,54,5,456(0)
2,1:34.0,14.8,牝3,54,7,458(-4)
3,1:34.0,5.4,牝3,54,8,496(0)
4,1:34.1,7.0,,牝3,2,446(+4)
5,1:34.1,99.1,,牝3,7,414(-2)
1,1:07.7,22.3,牝5,56,3,514(+14)
2,1:07.7,28.4,牡4,58,6,484(+6)
3,1:07.8,11.4,牡4,58,8,448(0)
4,1:07.9,7.1,牡4,57,2,470(+4)
5,1:07.9,83.2,牡5,58,4,524(-4)
1,1:56.6,1.6,牝3,54,5,492(-4)
2,1:57.0,14.2,牝3,54,4,486(-4)
3,1:57.6,9.8,牝3,52,8,434(-8)
4,1:57.7,4.7,,牝3,4,472(0)
5,1:57.9,19.9,,牝3,3,482(0)
1,1:13.9,2.8,牡3,56,2,488(0)
2,1:13.9,1.7,牡3,56,7,482(-6)
3,1:14.3,7.0,牝3,50,8,438(-2)
4,1:14.3,20.1,牡3,56,3,470(-4)
5,1:14.6,29.8,牝3,51,4,430(+12)
1,1:55.0,10.9,牡3,56,7,484(0)
2,1:55.1,8.4,,牡3,6,492(0)
3,1:55.7,24.4,,牡3,1,484(0)
4,1:55.9,3.0,,,5,498(-2)
5,1:56.2,5.5,,,2,480(-4)
1,3:22.1,12.7,牡4,59,1,468(+2)
2,3:22.4,58.2,59,1.1/2,6,504(0)
3,3:22.5,33.4,1/2,,8,460(+6)
4,3:22.5,42.7,,,3,474(+2)
5,3:23.8,12.2,,牡6,7,450(0)
1,2:15.1,1.5,牡3,56,3,500(-6)
2,2:15.5,7.3,牝3,54,5,474(-4)
3,2:15.5,80.1,牡3,56,8,476(+2)
4,2:15.6,8.2,牡3,56,7,464(0)
5,2:15.7,34.7,,牡3,7,472(-10)
1,2:09.4,13.9,牡4,58,8,574(+18)
2,2:09.5,1.9,牡4,58,3,510(+8)
3,2:09.8,26.6,,牡4,4,494(-8)
4,2:09.8,9.2,,牡4,5,484(0)
5,2:09.9,18.3,,牡4,8,490(0)
1,1:33.5,5.9,牡4,58,8,498(+2)
2,1:33.6,4.9,牡5,58,3,502(-6)
3,1:34.0,19.8,セ5,58,6,492(-2)
4,1:34.1,15.3,牝5,56,4,450(0)
5,1:34.2,12.3,牡4,56,2,450(-8)
1,1:46.2,4.5,牡3,56,5,456(0)
2,1:46.3,2.5,牡3,56,3,500(+8)
3,1:46.9,2.5,牡3,56,7,440(0)
4,1:46.9,9.0,牡3,56,1,470(-8)
5,1:47.1,16.1,牡3,56,6,556(-6)
1,1:54.3,60.7,牡4,58,6,498(+4)
2,1:54.3,7.7,牡4,58,5,498(+8)
3,1:54.6,4.9,牡4,58,7,536(-4)
4,1:54.7,4.9,牡4,58,8,532(-6)
5,1:54.8,5.8,牡4,58,3,510(-2)
1,1:20.3,12.0,牡5,56,4,478(-8)
2,1:20.5,5.5,,牡4,1,508(+4)
3,1:20.5,15.3,,,5,476(-2)
4,1:20.7,3.5,,,7,484(-6)
5,1:20.8,6.2,,,7,440(+2)
1,1:44.8,18.4,牡7,56,8,464(-2)
2,1:44.9,3.6,牡6,57,5,464(+4)
3,1:44.9,6.4,,牡6,5,458(+4)
4,1:45.0,44.8,,牡8,4,486(-2)
5,1:45.0,6.7,,牡5,3,464(+2)
1,1:24.9,4.8,牡4,58,4,510(+2)
2,1:24.9,2.6,牡4,58,3,512(0)
3,1:25.0,9.1,牡5,58,6,510(0)
4,1:25.0,4.9,牡4,58,4,472(-4)
5,1:25.3,38.1,牡4,58,2,474(0)
